cut[35][x][121]
color[35.1][0,0,0,255]
cut[51][x][201]
color[51.1][255,255,255,255]
cut[69][x][241]
color[69.1][255,255,255,255]
cut[22][x][81]
color[22.1][255,255,255,255]
cut[30][x][121]
color[30.1][255,255,255,255]
cut[79][x][281]
color[79.1][255,255,255,255]
cut[80][x][321]
color[80.1][255,255,255,255]
cut[60][x][241]
color[60.1][255,255,255,255]
cut[96][x][361]
color[96.1][255,255,255,255]
cut[6][x][1]
color[6.1][255,255,255,255]
cut[71][x][281]
color[71.1][255,255,255,255]
cut[8][x][1]
color[8.1][255,255,255,255]
cut[39][x][121]
color[39.1][255,255,255,255]
cut[97][x][361]
color[97.1][255,255,255,255]
cut[61][x][241]
color[61.1][255,255,255,255]
cut[68][x][241]
color[68.1][255,255,255,255]
cut[59][x][201]
color[59.1][255,255,255,255]
cut[50][x][201]
color[50.1][255,255,255,255]
cut[12][x][41]
color[12.1][255,255,255,255]
cut[98][x][361]
color[98.1][255,255,255,255]
cut[42][x][161]
color[42.1][255,255,255,255]
cut[95][x][361]
color[95.1][255,255,255,255]
cut[32][x][121]
color[32.1][255,255,255,255]
cut[7][x][1]
color[7.1][255,255,255,255]
cut[78][x][281]
color[78.1][255,255,255,255]
cut[31][x][121]
color[31.1][255,255,255,255]
cut[21][x][81]
color[21.1][255,255,255,255]
cut[92][x][361]
color[92.1][255,255,255,255]
cut[41][x][161]
color[41.1][255,255,255,255]
cut[19][x][41]
color[19.1][255,255,255,255]
cut[81][x][321]
color[81.1][255,255,255,255]
cut[62][x][241]
color[62.1][255,255,255,255]
cut[67][x][241]
color[67.1][242,242,242,255]
cut[47][y][286]
color[47.1][248,248,248,255]
cut[15][y][239]
color[15.0][234,234,234,255]
cut[57][y][289]
color[57.1][253,253,253,255]
cut[86][y][249]
color[86.1][252,252,252,255]
cut[76][y][249]
color[76.1][251,251,251,255]
cut[66][y][249]
color[66.1][251,251,251,255]
cut[55][x][233]
color[55.0][230,230,230,255]
cut[26][y][249]
color[26.1][22,22,22,255]
cut[63][x][279]
color[63.0][210,210,210,255]
cut[73][x][319]
color[73.0][208,208,208,255]
cut[56][x][225]
color[56.0][16,16,16,255]
cut[36][y][269]
color[36.0][35,35,35,255]
