color[0][92,100,169,255]
cut[50][y][31]
color[50.0][29,33,79,255]
cut[7][y][281]
color[7.1][85,100,187,255]
cut[44][y][161]
color[44.1][243,226,177,255]
cut[5][x][1]
color[5.1][88,103,189,255]
cut[23][x][81]
color[23.1][33,33,33,255]
cut[72][x][291]
color[72.1][34,46,139,255]
cut[3][y][121]
color[3.1][221,208,177,255]
cut[53][y][151]
color[53.0][255,235,178,255]
cut[32][y][81]
color[32.1][33,33,33,255]
cut[59][y][361]
color[59.1][57,73,171,255]
cut[4][y][161]
color[4.1][56,72,170,255]
cut[67][x][241]
color[67.1][90,105,190,255]
cut[55][201,201]
color[55.2][121,134,203,255]
cut[85][y][201]
color[85.1][120,133,202,255]
cut[45][x][161]
color[45.1][105,118,195,255]
cut[88][x][321]
color[88.1][251,197,99,255]
cut[24][y][161]
color[24.1][32,32,33,255]
