color[0][109,127,82,255]
cut[36][x][121]
color[36.1][227,195,68,255]
cut[66][x][241]
color[66.1][232,194,63,255]
cut[89][321,361]
color[89.2][74,65,36,255]
cut[73][y][121]
color[73.1][197,164,62,255]
cut[65][y][201]
color[65.1][244,207,63,255]
cut[63][y][121]
color[63.1][235,193,61,255]
cut[72][y][81]
color[72.1][169,164,95,255]
cut[47][x][161]
color[47.1][208,176,76,255]
cut[26][x][81]
color[26.1][166,142,65,255]
cut[77][y][281]
color[77.1][121,99,47,255]
cut[64][y][161]
color[64.1][241,203,60,255]
cut[83][x][321]
color[83.1][118,99,48,255]
cut[57][y][281]
color[57.1][209,165,86,255]
cut[75][y][201]
color[75.1][176,145,55,255]
